ID,class1,class2,class3,class4,class5,class6,class7,class8,class9
0,0.171464645744,0.260877810561,0.0403314628732,0.305516212454,0.0407410874388,0.0251841222056,0.149090149463,0.00512458899064,0.00166992026951
1,0.258750876806,0.0475496848952,0.00764052795899,0.525267190098,0.0142090021567,0.0181640853949,0.123868481111,0.00277804626723,0.00177210531076
2,0.246047226505,0.143185930647,0.0115735089338,0.172753288865,0.0239298890332,0.0379035507223,0.358260981795,0.00388449324086,0.00246113025736
3,0.203349855616,0.0724360832783,0.00889649960994,0.573334928094,0.0145808231134,0.0816614898744,0.0390686120593,0.00410237398574,0.00256933436882
4,0.10351584882,0.12478888566,0.0150420764831,0.0585257372502,0.0138081450037,0.0311604408955,0.647680093106,0.00411730456083,0.00136146822035
5,0.190880538431,0.112256369154,0.0270477314928,0.259883195877,0.0222816942466,0.0235509800129,0.35668994788,0.00540308444661,0.00200645845894
6,0.221412498894,0.079992687132,0.0152315078784,0.339445765074,0.0362667897852,0.0582183046986,0.240624128682,0.00545306492517,0.00335525293092
7,0.151322864044,0.117632581933,0.0161835734339,0.153805277931,0.0172309178583,0.0360467749633,0.501245588339,0.00439344704012,0.00213897445791
8,0.28286723448,0.0418839523148,0.0336072442119,0.529968814383,0.0399709549727,0.019507515402,0.0296714160121,0.00401140546353,0.0185114627593
9,0.140118632258,0.113493755735,0.0148129706425,0.173412906726,0.0139652286654,0.0345701426156,0.502379657788,0.00472011583137,0.00252658973671
10,0.128686297841,0.121112393284,0.0157772751735,0.11242607397,0.0154946025154,0.0357537620761,0.564349478074,0.00482184913708,0.00157826792899
11,0.128096170449,0.139306361511,0.0168796014552,0.116218383616,0.0149821473617,0.0373909865368,0.540731394745,0.00467381071062,0.00172114361435
12,0.137112070021,0.129920911583,0.0148905865855,0.0735485857079,0.0181970810725,0.0376825583841,0.58312138567,0.0041681892257,0.00135863175004
13,0.188319246313,0.0778574556367,0.00898168789631,0.462497864454,0.0550704155824,0.12312678473,0.0699908609461,0.00814855347419,0.00600713096775
14,0.150808056833,0.125508165467,0.017319755776,0.135390712712,0.0163834769152,0.0354739828486,0.512814716995,0.00431056440042,0.00199056805261
15,0.13775429648,0.0414340368994,0.0168167693143,0.661288930999,0.0212420012341,0.0596102750207,0.0497864321453,0.00295314003466,0.00911411787322
16,0.201882695398,0.125179129154,0.0151753646795,0.276728320177,0.0160924541062,0.0547946044045,0.303530637566,0.00423316810467,0.0023836264098
17,0.373948070883,0.10825486558,0.0122831630964,0.184118891475,0.0979253230156,0.0312637265627,0.178348219793,0.00672704432045,0.00713069527463
18,0.178104599635,0.121187844598,0.0124660115849,0.233798849321,0.0240965266717,0.0525929139793,0.371751129755,0.00395074690569,0.00205137754975
19,0.10862802394,0.168763005657,0.0555478850458,0.176548768763,0.0179319778969,0.0519794619757,0.416576933196,0.00334389892232,0.000680044602707
20,0.184535081164,0.142358360246,0.00961745796242,0.432007151989,0.0576662699509,0.0389434293625,0.131425088018,0.00252089144153,0.000926269865183
21,0.101043022569,0.31625357527,0.0241913494393,0.156882017673,0.0312985289059,0.076456072455,0.288093726122,0.00497119440823,0.00081051315707
22,0.153435114221,0.117241641135,0.0232775138813,0.270512376905,0.0178687362016,0.0469516587771,0.364245390104,0.00444288041055,0.00202468836489
23,0.175072901904,0.219280193496,0.0170335434224,0.192737668633,0.070680920209,0.261843622389,0.0345547903839,0.0114573178209,0.0173390417425
24,0.167165658643,0.0972768987733,0.0176295428659,0.568001975649,0.013249705555,0.0350181497458,0.0923605562564,0.00543074665786,0.00386676585355
25,0.146320264849,0.133452339423,0.0162615069054,0.0973484406891,0.0162539376052,0.0340984453226,0.549823893702,0.00489367377163,0.00154749773244
26,0.16166936818,0.0456992968033,0.0396690720969,0.655179961709,0.0125255427809,0.0294916785586,0.052635455202,0.00235913188776,0.000770492782301
27,0.101405800765,0.129479559567,0.0247906504833,0.132166889666,0.0141852139304,0.0141976059856,0.580044817697,0.00313581093705,0.000593650968069
28,0.242026553539,0.0799146313218,0.0238604459976,0.472709467935,0.0284392917332,0.0521130074124,0.0911805080288,0.00448535734399,0.00527073668772
29,0.183653171568,0.133241167509,0.0260232226449,0.411928349626,0.0381723605068,0.028034230245,0.172274481211,0.00557262506056,0.00110039162853
30,0.292550330346,0.131908559691,0.00776557421264,0.32542875526,0.0323880388252,0.0639524174648,0.13925129446,0.0048218450971,0.00193318464433
31,0.0956806896617,0.0778221289466,0.00984783372028,0.693430169582,0.023266904952,0.051937070649,0.0329373615434,0.011691698233,0.00338614271244
32,0.102711077699,0.124790113176,0.0150020577257,0.0581521099809,0.0137744441578,0.0309746220121,0.649130199495,0.00410728061646,0.00135809513718
33,0.602197496945,0.0773653690777,0.0028849425708,0.208744004768,0.0373803883535,0.027871138368,0.0387086642539,0.00211620266076,0.00273179300255
34,0.218971972259,0.336255762823,0.031033667587,0.0888371800119,0.133358122446,0.0567866439948,0.128820444726,0.00526571649986,0.00067048965351
35,0.120289599809,0.126663883644,0.0154086613655,0.0778397233476,0.0146090222169,0.0334232320269,0.605674080682,0.00448378877038,0.00160800813836
36,0.175223557675,0.0869609540104,0.0165787421897,0.474678680605,0.0140366054151,0.0275285073428,0.196076545389,0.00301399167998,0.00590241569399
37,0.134430579698,0.132104794608,0.0200123024722,0.255570420467,0.0163866813633,0.0460222458979,0.387283572709,0.00627245620547,0.00191694658005
38,0.159307219473,0.0479916775618,0.0106520439488,0.571435223987,0.0209834568912,0.0365941743373,0.145672621182,0.00301030382327,0.00435327879609
39,0.184961281639,0.112635283005,0.0122028595019,0.295830611952,0.0302392779945,0.0675726806715,0.289839850374,0.00482478283119,0.00189337203033
40,0.0865681396472,0.28532252891,0.0332748513445,0.102316879731,0.0172142810964,0.0220360643602,0.449477866338,0.00296932542744,0.000820063144911
41,0.113011882503,0.129437307759,0.0150091787673,0.0836334546587,0.0138259898047,0.0306492386329,0.60832281828,0.0046918598546,0.00141826973986
42,0.355273968969,0.0559624387773,0.00735258240955,0.425637359336,0.0345241053406,0.0150915000554,0.0987301859787,0.00374266051657,0.00368519861588
43,0.24443529042,0.171089244667,0.0125747581589,0.230622784455,0.0169388617776,0.0623257174917,0.252863299679,0.00709107987745,0.00205896347385
44,0.133947900484,0.131641132799,0.0147885457119,0.0813830590108,0.014956190605,0.0349056787354,0.582740759044,0.00425305200096,0.00138368160871
45,0.280293555798,0.0364273629466,0.0060239576252,0.499750960827,0.0140252466927,0.018489263521,0.130479531664,0.00443526259778,0.0100748583281
46,0.11016581079,0.243687088126,0.0183419329715,0.050999769134,0.0186130798327,0.0580992885834,0.497152246099,0.00238523472728,0.000555549736656
47,0.1335905618,0.1764312333,0.0173751927123,0.212073272352,0.0155826758918,0.0461451204521,0.392293380165,0.00447133832101,0.00203722500625
48,0.229964943781,0.108699154718,0.0329103314016,0.446558241215,0.0324351837505,0.044761923035,0.0962134314645,0.0060526575064,0.00240413312767
49,0.131579663864,0.0588912020378,0.0175936045995,0.434109813071,0.0157221284229,0.0306885170386,0.304079681232,0.00242139427752,0.00491399545674
50,0.18470362859,0.091006004498,0.0115312744042,0.352640549616,0.0233378151392,0.0453532923242,0.284520578895,0.0047488070791,0.00215804945405
51,0.120918950817,0.135510948148,0.0225581832803,0.333428832252,0.0379130975031,0.243696947075,0.0805610264504,0.010302072978,0.0151099414956
52,0.459872254919,0.0140611892077,0.00240607466372,0.410857141413,0.0378457025392,0.0491703825499,0.0135259504284,0.00669614264092,0.00556516163877
53,0.0832098478741,0.0266480704742,0.00617638133362,0.691467322804,0.011827848933,0.0654562497239,0.106773356519,0.00347165096607,0.0049692713715
54,0.11776150812,0.122666472779,0.0176546349301,0.0981453769446,0.0151865762416,0.0324390593803,0.590311977411,0.00433430441849,0.00150008977443
55,0.11907946127,0.13533288427,0.0157884557024,0.114293847318,0.0150350470855,0.0405825690126,0.553898211397,0.00437760265281,0.0016119212923
56,0.220859318709,0.129344499389,0.0108351198181,0.341949714289,0.0228572451563,0.0397244669577,0.228576657533,0.00432625080162,0.00152672734606
57,0.145260061293,0.140972533956,0.0319981319457,0.132845289721,0.0196548902695,0.0467453694694,0.474848170868,0.00572123255093,0.00195431992596
58,0.176762092901,0.115573596153,0.0157925436471,0.0597357601429,0.01450024487,0.0326067316245,0.579275674241,0.00432370076107,0.00142965565944
59,0.163264337485,0.0204969448879,0.00245075870153,0.705090932256,0.0130187132712,0.0650625331559,0.0202128332355,0.00360049439266,0.00680245261374
60,0.152762298261,0.151130674412,0.0746934712713,0.208926220464,0.0212029949496,0.080128849232,0.303920086082,0.00532130361919,0.00191410170955
61,0.177166102547,0.0993603815949,0.013697409651,0.599333513503,0.0260958166902,0.0467283592506,0.0269405398855,0.00355587352442,0.007122003353
62,0.51403190174,0.0752116203375,0.0068935148261,0.176315286673,0.0815877091361,0.0480260916951,0.085592716792,0.00437747749889,0.00796368130101
63,0.159369664319,0.149672072236,0.0170617251509,0.120112576581,0.0194916732027,0.0338804801542,0.493994941653,0.00460341422676,0.00181345247701
64,0.0870548654639,0.0458687813848,0.00611539639523,0.731813047708,0.0114656554806,0.0369674892067,0.0699033168219,0.00293037037905,0.00788107715944
65,0.163250023845,0.12210871403,0.0157271902165,0.186526861038,0.0155982815872,0.0398142681016,0.449846525869,0.00477857454636,0.00234956076644
66,0.116823287383,0.128238328613,0.0153807139195,0.0843792254445,0.0152252883574,0.0356018292472,0.598454564727,0.00430479858091,0.00159196372665
67,0.190456045442,0.106652293202,0.043881909383,0.113778578951,0.0562867864231,0.0458257763019,0.437764537352,0.0043627120219,0.000991360922798
68,0.242102412452,0.126096169356,0.0102997486237,0.262691593471,0.0225848624405,0.0529067312394,0.277200446622,0.00453323310107,0.00158480269486
69,0.220925306463,0.312342865825,0.00553971632858,0.143934815681,0.101639670421,0.0798080914761,0.128598850603,0.00613011939256,0.00108056380979
70,0.0858017712927,0.0664289711391,0.0185981717928,0.729551649389,0.00891462019352,0.031390056359,0.0502656960401,0.00693031067148,0.00211875312265
71,0.180083545558,0.16609651278,0.0203930201287,0.206563452821,0.0198521165829,0.0591471492128,0.340791530851,0.00554036628014,0.00153230578532
72,0.227633940248,0.0218011719173,0.00596292365124,0.0561873788277,0.407417943011,0.25576000927,0.0203300783795,0.00266933153854,0.00223722315684
73,0.183677222765,0.120596456238,0.0140207869386,0.255388308246,0.0184694314021,0.0721901584533,0.328995390638,0.00460742183097,0.00205482348767
74,0.199278298931,0.114576529357,0.0140621033736,0.306197263535,0.0173087706067,0.0503787720056,0.289411309355,0.00446583139496,0.00432112144099
75,0.163190060305,0.177991019817,0.054247672131,0.174398350265,0.0226630384129,0.0651182425779,0.33517031814,0.00470288774007,0.0025184106106
76,0.16756643701,0.140058108917,0.0181976575468,0.493578524824,0.0209057006601,0.0349570851091,0.121017969544,0.00295585044641,0.000762665943487
77,0.164594682901,0.168363642508,0.0928870580356,0.0582228588093,0.0224885938145,0.00986580690053,0.477151378459,0.00424731808367,0.00217866048766
78,0.179616971358,0.12065850045,0.0238007054442,0.279022026754,0.0297954978968,0.0737970371852,0.288629567362,0.00358717513565,0.00109251841472
79,0.135503257182,0.123252619751,0.0165549578298,0.095221816082,0.0151073358075,0.0329142613363,0.575753410056,0.00415914695818,0.00153319499828
80,0.126012936255,0.121625689744,0.0148369104014,0.0815242206074,0.0148741832602,0.0316180306982,0.603704071427,0.00425403352218,0.00154992408422
81,0.26177000791,0.14189731758,0.0105326056764,0.161713312237,0.023680922147,0.0535712536523,0.340858958079,0.00429946124331,0.00167616147399
82,0.195537299754,0.10404091978,0.00741886960479,0.381661388429,0.0163690277477,0.0512476491145,0.235237236919,0.00648287371383,0.00200473493679
83,0.101119764115,0.0788912573184,0.0145102216575,0.582944791173,0.018589849955,0.148079270695,0.0390423177512,0.00738640073562,0.00943612659964
84,0.205453266699,0.0516178495291,0.0516878248832,0.576269349919,0.0125278723726,0.0350880072342,0.0633631038774,0.00263756149878,0.00135516398647
85,0.236882085223,0.130408853815,0.00988007390862,0.401892622134,0.0205037968828,0.0440721091527,0.149832249281,0.00534786548617,0.00118034411752
86,0.114291955949,0.124934624096,0.0159362988311,0.077724116575,0.0144522488843,0.0321364327929,0.615035979368,0.00410338244396,0.00138496106021
87,0.150115459814,0.116748388461,0.0140703982503,0.261374471491,0.0170509597628,0.0438045088698,0.390118240399,0.0041439129094,0.00257366004388
88,0.160641440386,0.116373117338,0.0152904516573,0.264943782278,0.0306837454527,0.0527350650674,0.352579576296,0.00502045985443,0.00173236166986
89,0.260854408872,0.112113952947,0.00420481592288,0.35016911858,0.0177779498516,0.0440442195883,0.129455799641,0.0184786163295,0.062901118268
90,0.117835485258,0.120817711747,0.0181539400674,0.0965091491613,0.014664995515,0.0341062848966,0.591749487439,0.00443232741025,0.00173061850555
91,0.311859076946,0.0713785913284,0.0036193515942,0.519678989018,0.0219666252006,0.0170113314914,0.0449772515989,0.00731534768952,0.00219343513256
92,0.356785807206,0.123430524275,0.00860024175945,0.194056361846,0.031482890603,0.117359991922,0.156980954927,0.00712376735217,0.00417946011015
93,0.0826376793052,0.343142076372,0.0034103364472,0.0483922547486,0.0136075645644,0.0277056462746,0.47617131938,0.00368098535764,0.00125213754981
94,0.10670125821,0.126890107539,0.016562918723,0.0689859104487,0.0143812016323,0.0327384643749,0.627978709637,0.00431068164747,0.00145074778778
95,0.0768917291534,0.0540849743386,0.0132139151776,0.694643833014,0.0258099150967,0.0369709372954,0.0695102768949,0.00297551114383,0.0258989078857
96,0.276603873157,0.0317107377401,0.00859948429139,0.601262332092,0.0274028164056,0.0237458936466,0.0239794867499,0.00150793765771,0.00518743825998
97,0.273482682167,0.124516914014,0.0120044183232,0.304078952972,0.0314015534648,0.0612055929743,0.182660558476,0.00721399751393,0.00343533009582
98,0.137380059465,0.112692060685,0.0170901711837,0.113953369681,0.0155511279424,0.0339999690503,0.563125077257,0.00440700118723,0.00180116354888
99,0.278918554941,0.110322102466,0.0141202768924,0.198284774408,0.0308996472159,0.0451345017636,0.314767356283,0.00522297301453,0.00232981301476
100,0.207728418214,0.109198707602,0.0122673213102,0.293301707057,0.021287876168,0.0707078053175,0.276649519297,0.00664980345354,0.0022088415804
101,0.133365751725,0.106913519727,0.00790834663839,0.302626738033,0.029214658596,0.0663966981163,0.347346194774,0.00329192269475,0.00293616969717
102,0.374095675555,0.0767715439658,0.00929458051119,0.260619657442,0.0288474844773,0.0501331213015,0.191742870471,0.00550289490408,0.00299217137319
103,0.0855132823221,0.103738460308,0.0304962390194,0.61570542817,0.0362193448006,0.0738835537324,0.0448188519012,0.00338247393224,0.00624236581396
104,0.177896640089,0.116582906602,0.0166064301607,0.182412614698,0.0162220602538,0.0323750387338,0.449908689586,0.00556341845495,0.0024322014218
105,0.120747884274,0.132409062028,0.0159082053395,0.0844705599225,0.0154855599678,0.0338479008765,0.591684845314,0.00413796181855,0.00130802045977
106,0.116322835325,0.127536301491,0.0152095867871,0.0766036411836,0.0143829187974,0.0324208557068,0.611999532692,0.00413592865861,0.00138839935907
107,0.106632031577,0.125774463077,0.0158021325272,0.063719608424,0.0141484793835,0.0322597621768,0.636036331368,0.00422551413954,0.00140167732681
108,0.299003844885,0.115366665537,0.0076877030576,0.266933391827,0.0265072798509,0.0445580586146,0.233583233604,0.00447801154236,0.00188181108194
109,0.106302797124,0.124726717101,0.0154922939512,0.0617651824341,0.0138711530245,0.031300152045,0.640992407757,0.00417180569094,0.00137749087173
110,0.135249762609,0.12125652099,0.0146015283428,0.0798713334868,0.0157273971305,0.0324824336701,0.595244689131,0.00414974294883,0.00141659169064
111,0.0444714279041,0.16266322033,0.0182580660576,0.0630548407371,0.0103161473599,0.134799999626,0.563124494119,0.00224233038108,0.00106947348423
112,0.120413744377,0.124090758281,0.0162503571387,0.107790703224,0.0154691020047,0.0324115801742,0.577056211373,0.00487582806358,0.00164171536374
113,0.221879963004,0.0779734557769,0.00892087964066,0.339937222116,0.0246532001675,0.0456656736425,0.276004726482,0.00306291995878,0.00190195921088
114,0.131838507343,0.154597411077,0.0415453960752,0.126471177039,0.0200400200564,0.116405426234,0.401620861117,0.0057143498543,0.00176685120328
115,0.0924968110171,0.249281824236,0.0475693570244,0.069002291456,0.083857623357,0.0357962713838,0.415422415011,0.00160402643418,0.00496938008074
116,0.11225311968,0.230417195376,0.0194620925211,0.328957494146,0.0200594105357,0.165468505629,0.10680795411,0.0134590305199,0.00311519748183
117,0.201215582084,0.0423297455768,0.0144821264102,0.612448890224,0.0196465196837,0.0224257685849,0.084163841327,0.00252800793969,0.000759518169321
118,0.0943035476874,0.219699070379,0.0979231079584,0.00869652327364,0.016277244263,0.036736252729,0.52292258322,0.00245002355058,0.000991646939012
119,0.0690271260879,0.293122963475,0.00774288663524,0.0929457121461,0.0138198816378,0.0269656391173,0.493314434904,0.00236203048828,0.000699325508258
120,0.275986603751,0.369025816385,0.0338579763571,0.152681946614,0.033258464303,0.0288941352396,0.100143628337,0.00398750568442,0.00216392332871
121,0.426782167537,0.0629528726755,0.0660862206542,0.0784722639395,0.0652886667967,0.226224627548,0.0705221292257,0.00229806589926,0.00137298572324
122,0.231173661966,0.123254969931,0.00784057922839,0.273121118102,0.0341406744063,0.137409512886,0.172394390246,0.00438702960388,0.016278063629
123,0.201321907215,0.131017221785,0.0160966046183,0.120379620887,0.0177603932499,0.0309788812507,0.476458394693,0.00454515529536,0.00144182100554
124,0.11583306574,0.126079734729,0.0155234850874,0.0867721768115,0.0150132410786,0.0327409682545,0.602301868678,0.00430885017802,0.00142660944431
125,0.121243209743,0.126607176346,0.015328017016,0.0816689566397,0.0151063591796,0.033299194203,0.601185990362,0.00413421750166,0.00142687900842
126,0.134042642477,0.130847602391,0.0149022848042,0.0995694185639,0.0151984124889,0.0328118726493,0.566744339338,0.00420567727365,0.00167775001403
127,0.158400934867,0.129811596151,0.0163167189583,0.251149204236,0.0182725940632,0.0453365800123,0.37244645808,0.00669781758327,0.00156809604802
128,0.228931634731,0.146639015463,0.010264835878,0.26400853906,0.0168969695161,0.0530811076837,0.274429462498,0.00393363095786,0.00181480421256
129,0.194122389539,0.0263524679246,0.00705646823064,0.709484695893,0.0151120912197,0.00910608893858,0.035641210898,0.00237775391256,0.000746833443864
130,0.270390847171,0.164371799872,0.0167631789818,0.251706672812,0.0246671046468,0.0546709962294,0.21220117635,0.00445110900502,0.000777114932245
131,0.146930210917,0.170350560175,0.0215919299044,0.188312649836,0.0178608038424,0.0344787647615,0.412921864304,0.00585019999625,0.00170301626321
132,0.130415641737,0.122014424693,0.0146995372852,0.078955740657,0.0159526226186,0.0324000199291,0.600169334808,0.00403341818811,0.00135926008329
133,0.122480613501,0.125005875131,0.0152496550036,0.0799190169284,0.0151957959492,0.0329346810394,0.603530967164,0.00420612034554,0.00147727493704
134,0.159262760201,0.116799441218,0.015567159976,0.153607695645,0.0162064941771,0.0401088214405,0.491737777615,0.00467237190574,0.002037477822
135,0.0959895095248,0.150233243061,0.0712501302925,0.326911763963,0.0420845799902,0.242987903493,0.0537298402272,0.00910743812272,0.00770559132541
136,0.211044237843,0.0823058172814,0.0198611355238,0.502339485947,0.0227971946265,0.019794095232,0.137240059244,0.00241892969,0.00219904461223
137,0.139223755731,0.123542064112,0.0160302196882,0.0870562036859,0.0138175438379,0.0326666880848,0.58206355454,0.00416926120454,0.00143070911542
138,0.180745387938,0.142337155258,0.0143367457785,0.231340112199,0.0161356219688,0.0353425216378,0.370222751294,0.00790480688458,0.00163489704145
139,0.238543287402,0.0812495731882,0.0050987397908,0.563843633437,0.0288764029874,0.0288421034447,0.0460163773438,0.00414856207666,0.00338132032949
140,0.215978943826,0.152814438169,0.0155009600856,0.167943731321,0.0182422119509,0.0398190346427,0.382143201032,0.00556631903236,0.00199115994036
141,0.160389761414,0.088488159576,0.0589736866533,0.289801311761,0.0279214651197,0.00805983109575,0.364221889159,0.00115349827559,0.000990396946755
142,0.299955120153,0.211142843122,0.0186890000235,0.239807995001,0.0228553019925,0.0351212981756,0.155379747625,0.00916376458659,0.00788492932053
143,0.127939184607,0.141053962946,0.0152717702353,0.0836509598939,0.0146953965794,0.0355909427999,0.575974398923,0.0044302006282,0.00139318338611
144,0.145840650962,0.336384339497,0.0177017722096,0.192347356561,0.0589004440241,0.0257205389351,0.217733558318,0.00454219949258,0.000829140000518
145,0.277621897323,0.191010111931,0.0151916219285,0.241964889293,0.0246912911786,0.0471016379718,0.191701248649,0.00795436105635,0.00276294066825
146,0.128028850655,0.115463406021,0.0161813278758,0.340483813109,0.0244727504517,0.0598150688786,0.301641785489,0.0121602236289,0.00175277389246
147,0.119970977229,0.128257114212,0.0151902523014,0.0789071407006,0.0152851196394,0.0342165313299,0.602548636162,0.0042422309567,0.001381997469
148,0.174513035308,0.0206941976932,0.00307775584283,0.721258969975,0.0108091028517,0.02602156858,0.0357367583304,0.00262303903905,0.00526557237936
149,0.0755000396146,0.127082921773,0.137177160146,0.0506470243829,0.0333783300191,0.0164865178626,0.556321211356,0.00224221353885,0.00116458130736
150,0.220265227713,0.13959304709,0.0122353262398,0.322198862031,0.0212389102615,0.0375872705989,0.242601755854,0.00259257881544,0.00168702139698
151,0.1870527162,0.117636453969,0.0135581248292,0.279229367738,0.0307758601524,0.0909835909234,0.275865512343,0.00382425241563,0.00107412142924
152,0.195537753717,0.138315118128,0.016096709879,0.123805038446,0.0161737640907,0.0378054068781,0.465671306216,0.00452927360864,0.0020656290367
153,0.125289913926,0.035797987366,0.00409614531355,0.702130954336,0.008187893681,0.0349598290293,0.0703550442561,0.0123351025075,0.00684712958476
154,0.216642203497,0.093173815087,0.0116590328553,0.394791894713,0.0256235262006,0.03374061632,0.217781267148,0.00473811204744,0.00184953213131
155,0.10916695732,0.125236237712,0.0183509125294,0.0760674213021,0.014469044121,0.0334134128855,0.617406939676,0.00434388249078,0.00154519196303
156,0.210962186492,0.115520119242,0.00970133034243,0.340605171542,0.0208995748013,0.0634732427238,0.231664760235,0.00446101152183,0.00271260309957
157,0.0794002559981,0.281658894771,0.0382083080037,0.195317783835,0.0619661103124,0.113678631102,0.213765799671,0.00767393759198,0.00833027871516
158,0.0880402100314,0.0683700414498,0.00621918459465,0.611791961973,0.0151157787928,0.0425416450324,0.15237848831,0.00304502483961,0.012497664977
159,0.57465470245,0.0880478165715,0.0200807009078,0.0603645996953,0.0303316962156,0.0701161899745,0.146773730607,0.00723677848406,0.00239378509412
160,0.246534384738,0.100815763332,0.00768640846786,0.503704224653,0.0162514356307,0.0364075476483,0.0833453759417,0.00408339384785,0.00117146574042
161,0.103502062634,0.124797770169,0.015037590668,0.0585027937074,0.0138064092067,0.0311535582331,0.64772180875,0.00411672977837,0.00136127685349
162,0.102711077699,0.124790113176,0.0150020577257,0.0581521099809,0.0137744441578,0.0309746220121,0.649130199495,0.00410728061646,0.00135809513718
163,0.121613539237,0.124673716371,0.0149069008662,0.0906213262615,0.0148859225863,0.0329107916437,0.594380659579,0.0043464311201,0.00166071233437
164,0.251159304519,0.107545426765,0.0119751630235,0.227695579897,0.0196615515685,0.0526932947211,0.322972627249,0.00446153781928,0.00183551443717
165,0.211362905069,0.0785624368299,0.00886310068472,0.609865660212,0.0255518504069,0.0270454876286,0.0293502241911,0.00441419228202,0.00498414269602
166,0.13700936278,0.127730485747,0.0159944382826,0.104725809098,0.0176601466839,0.0371165195737,0.55407117836,0.00410753526478,0.00158452421064
167,0.105032544491,0.080524434219,0.038161707545,0.563631266847,0.0332421731739,0.0482126864661,0.125403445172,0.00455673162833,0.0012350104577
168,0.109954092026,0.129022387166,0.0153067962224,0.0679650401969,0.0143556285532,0.0328953485613,0.62477578002,0.00430582937811,0.00141909787559
169,0.113285394825,0.13509233039,0.0618289939434,0.205128303595,0.0310607238146,0.00645113480299,0.444630914738,0.000795436739167,0.00172676715082
170,0.19574035948,0.0790979901301,0.0121769395321,0.359812247119,0.0218233289259,0.042253209742,0.282323289949,0.00440815766513,0.00236447745643
171,0.076023783142,0.2916078616,0.0337315103497,0.137587185352,0.0424460554739,0.110536989238,0.30083704833,0.00480737208395,0.00242219443118
172,0.0846154513901,0.174340285937,0.130462578316,0.232518481688,0.0662055789048,0.0265904176964,0.276049874892,0.00827876541127,0.000938565764656
173,0.132421196052,0.117516936967,0.016161465048,0.10186705733,0.0147339023988,0.0336825763345,0.577654542539,0.00431420811507,0.00164811521527
174,0.215969453423,0.0956015144425,0.0123310994869,0.328165568368,0.0147915475233,0.0356253367357,0.291788506488,0.00415421620167,0.00157275733043
175,0.338496166112,0.0367628949827,0.00796441975035,0.50055036411,0.0444669105703,0.0153260321263,0.0508739848263,0.00300364833823,0.00255557918396
176,0.190732938418,0.130370683774,0.0163383118103,0.198055845938,0.0168910241215,0.0356668911142,0.402617521975,0.00681088742731,0.0025158954214
177,0.189550984983,0.0608236582092,0.004975170295,0.584868131713,0.0139927313552,0.0522844348354,0.0864851575055,0.00352571001803,0.00349402108523
178,0.21500557439,0.0989098833483,0.0149674116238,0.486473040163,0.0269100294496,0.048692085543,0.102023177733,0.00221872352312,0.00480007422675
179,0.144029279198,0.0520599820123,0.00424694417245,0.727983893176,0.0127445316371,0.0234497321134,0.0264457990888,0.00339086932581,0.00564896927622
180,0.156232161383,0.221433969758,0.0533070259856,0.185583812084,0.0347855213731,0.0884168023685,0.24675139284,0.0110781860178,0.00241112819026
181,0.0648790683615,0.201987202667,0.0124966656426,0.16099184927,0.046154534059,0.0357169073974,0.452677951292,0.00948206487977,0.015613756431
182,0.165645223952,0.140725841726,0.00866236652442,0.41011845571,0.0455978258358,0.0455871990426,0.179292398024,0.00295051526444,0.00142017392065
183,0.195564215412,0.0484188585216,0.00709211731447,0.590100517733,0.0205322303641,0.0302531498282,0.100814927584,0.00373137537304,0.00349260786962
184,0.138097617175,0.142474398705,0.0150513434455,0.119516054881,0.0181909632672,0.0366369242007,0.524485017343,0.00407001254551,0.00147766843641
185,0.110691885813,0.253172568685,0.00897178843206,0.295057811132,0.0602828587722,0.111697880296,0.157688913156,0.00180230656433,0.00063398715048
186,0.233250051003,0.127629058378,0.0216830760746,0.276717026658,0.0504134080644,0.0902778302522,0.180932145286,0.0101274844893,0.00896991979407
187,0.171749283929,0.0845162405151,0.0164439816142,0.492315429579,0.0141476619541,0.0383171410139,0.177042215623,0.0040261664619,0.00144187930952
188,0.1284419515,0.0253278024238,0.00860322104838,0.745596561063,0.0145762852402,0.0269280743395,0.0449351039055,0.00280810678424,0.0027828936949
189,0.463648998252,0.0893682240976,0.00803856971458,0.243028064464,0.0603506914357,0.0605202510626,0.044562843983,0.00535991503444,0.0251224419567
190,0.139293951749,0.108614073395,0.00627970867634,0.576874670563,0.0179411789395,0.0523978066586,0.0919873373665,0.00582359472849,0.00078767792324
191,0.151469395013,0.115771613594,0.0177919028575,0.17604353939,0.016268097954,0.0308611917268,0.485503252375,0.00425933143386,0.0020316756567
192,0.177866522355,0.0878519047677,0.0144133520331,0.520850931301,0.0120057463365,0.0176188829373,0.166054050751,0.00264456736002,0.000694042159096
193,0.118859565531,0.131965030126,0.0161303959048,0.0857106437482,0.0147582610576,0.0336191605354,0.593263445117,0.00427564419824,0.00141785378187
194,0.155940216047,0.131782814737,0.0140157785429,0.268287965583,0.0163518492366,0.0396361743605,0.366812217779,0.00536602032522,0.00180696338818
195,0.259094340264,0.0818230901747,0.0092627844638,0.398649825106,0.0213147634709,0.0497463296552,0.17001621562,0.00674860556955,0.00334404567589
196,0.0662906677478,0.0336663250496,0.00837032620525,0.679372670065,0.0110651208455,0.0721707190501,0.112160983309,0.00782312990007,0.00908005782775
197,0.165613637025,0.116164933745,0.0163952738267,0.131222289718,0.0165378894467,0.0361265497597,0.512024239387,0.00416374967957,0.00175143741284
198,0.131173639063,0.119315357824,0.0151751784124,0.0904047256006,0.0151488170297,0.0337212849425,0.588784260202,0.00453709178342,0.00173964514226
199,0.193964699748,0.132916055145,0.0294490163618,0.455377258714,0.0343559372791,0.0530399835938,0.0892938100133,0.0100196395045,0.00158359964026
200,0.210539635094,0.13813730855,0.0168823038755,0.341383061828,0.0205892448561,0.0455351138713,0.219355595199,0.00428553996568,0.00329219676026
201,0.11111678803,0.126552152669,0.0153546368989,0.0680457559735,0.0143357919228,0.032022245475,0.62697306219,0.00416782221801,0.00143174462311
202,0.31539754844,0.0448175455062,0.00446273473309,0.474659200135,0.0210848881249,0.057199694051,0.0747674493372,0.00505865588995,0.00255228378301
203,0.239692266901,0.0844941586772,0.0203531441347,0.463482163383,0.0389362781673,0.0513981514321,0.0949614333113,0.00316846509513,0.00351393889872
204,0.132369392166,0.0452311004341,0.012761031932,0.6774554471,0.0228461394297,0.0216460996332,0.0812297707648,0.0020082875648,0.00445273097558
205,0.0774982399469,0.0632695530312,0.118901687024,0.470129151816,0.0156202900247,0.112817598422,0.136334398488,0.00209411407437,0.00333496717262
206,0.144623415253,0.196696050162,0.0124519885414,0.0136370713942,0.135250456871,0.2216577863,0.273201207576,0.00105550748383,0.00142651641789
207,0.256416664293,0.0773867811461,0.00781430416414,0.377633886657,0.0227320564011,0.0421257449487,0.209954989797,0.00410974982331,0.00182582276992
208,0.325288991006,0.100517990731,0.0082151090227,0.305219846314,0.033841650504,0.0948200401014,0.126173071062,0.00492701245211,0.000996288806964
209,0.106753937485,0.126064980916,0.0163452302142,0.0664808856525,0.0143103692518,0.0328711887364,0.631487743919,0.00426150563785,0.00142415818663
210,0.126640135009,0.134418418269,0.0161130393529,0.0835938078664,0.0151560204381,0.0328803329903,0.58550072749,0.00433935506702,0.00135816351709
211,0.102711077699,0.124790113176,0.0150020577257,0.0581521099809,0.0137744441578,0.0309746220121,0.649130199495,0.00410728061646,0.00135809513718
212,0.0547089482502,0.260425915542,0.0624615349779,0.010409520104,0.0489758625324,0.0187288761904,0.542649806423,0.00112849964499,0.000511036334431
213,0.102711077699,0.124790113176,0.0150020577257,0.0581521099809,0.0137744441578,0.0309746220121,0.649130199495,0.00410728061646,0.00135809513718
214,0.140108329085,0.123229515261,0.0593616623725,0.201572026858,0.0304852680471,0.0312071426633,0.407766947712,0.00571845393415,0.000550654066663
215,0.170510426492,0.0266316495991,0.00945759261472,0.0455306235984,0.0980697228731,0.607059968762,0.0250391790975,0.00337097428547,0.0143298626777
216,0.269223637562,0.0272988205511,0.022130535056,0.604468992711,0.0132881761383,0.0137439365741,0.0216502668907,0.00194588833342,0.0262497461829
217,0.117263280782,0.0873118266151,0.0129676297612,0.501515141771,0.0105817163344,0.0378359694644,0.226342265048,0.00367839795891,0.00250377226559
218,0.296795719281,0.0926748934659,0.0110208187158,0.300882665355,0.0190110270042,0.0307781556066,0.242654776415,0.00362170630735,0.0025602378486
219,0.102711077699,0.124790113176,0.0150020577257,0.0581521099809,0.0137744441578,0.0309746220121,0.649130199495,0.00410728061646,0.00135809513718
220,0.168295721473,0.114791835242,0.0139732975387,0.155139028679,0.0162985329919,0.0331983182415,0.4915797258,0.00470185316829,0.00202168686589
221,0.33923073516,0.0470842882571,0.00392805411752,0.382234828804,0.0726900843638,0.120772238325,0.0236923213196,0.00416704319426,0.00620040645929
222,0.142440682196,0.116613313828,0.0145555091171,0.106561640691,0.0159700814482,0.0327698944372,0.565141706671,0.00441314849466,0.0015340231165
223,0.234261927273,0.190271141106,0.022633392014,0.195777173647,0.03194874683,0.149179218905,0.168029623945,0.00660807837153,0.00129069790812
224,0.179565507886,0.12534026065,0.0146207932543,0.15447587029,0.0183050649039,0.0424007306522,0.45754988584,0.00535792681995,0.00238395970339
225,0.115821984179,0.118816811409,0.0825544528479,0.278077628788,0.0216626893424,0.00987201037675,0.361382843039,0.00202502969912,0.00978655031854
226,0.191157612057,0.0515265395265,0.0153819767367,0.628929859513,0.0128658517225,0.0248158119773,0.0698219536848,0.00217564148514,0.00332475329717
227,0.220179015724,0.286094047125,0.0774074609428,0.0586277107698,0.0373116236953,0.0388488191602,0.278939157961,0.00171937224876,0.000872792373587
228,0.187782378211,0.227551229568,0.00591631161524,0.230925036997,0.0128036427521,0.130145043633,0.20037891621,0.00393616440272,0.000561276611311
229,0.134383656966,0.0647223213953,0.00322973627087,0.634756857233,0.00762998535785,0.0285480860631,0.11895467893,0.00524983506572,0.00252484271849
230,0.574633592819,0.0935114841598,0.00334944822,0.116160836418,0.0949435202873,0.073966732021,0.0382069208795,0.00367958663816,0.00154787855713
231,0.120839289545,0.12255799878,0.015285567412,0.058834635258,0.0140347543374,0.0315599820694,0.631319111882,0.00418490022441,0.00138376049145
232,0.510503057279,0.090749492758,0.00449036149436,0.252866537277,0.0217992024884,0.0682445242691,0.0386416283258,0.00707638839245,0.00562880771565
233,0.274118282109,0.0683417553397,0.0118928022579,0.404563862914,0.0202169290701,0.0347089140249,0.178122178884,0.00544381348969,0.00259146191076
234,0.124930101443,0.153554822756,0.0344139095939,0.191141395163,0.0205406702561,0.0305414116614,0.440624158783,0.00352038819874,0.000733142144946
235,0.136544823411,0.125284353256,0.0164192051453,0.0995578852283,0.0152056887474,0.0341883481376,0.566786805049,0.00440543556432,0.00160745546049
236,0.269535161971,0.132326893414,0.0173821104537,0.35941995966,0.0306030304453,0.0474174457767,0.137626486576,0.00186571749482,0.00382319420877
237,0.167474128104,0.0780304435665,0.0251017112299,0.454959976949,0.0243817062429,0.0290821732536,0.210532515667,0.0018056815215,0.00863166346508
238,0.1547756671,0.115888490921,0.012680188476,0.433439632244,0.0125495283813,0.0250699625811,0.240068431394,0.00363923452974,0.00188886437229
239,0.120271522135,0.119959384099,0.0127150701646,0.596776271917,0.0235055143971,0.0589325938507,0.0598141697104,0.00353932029301,0.00448615343302
240,0.393436711489,0.035935161221,0.00989272437947,0.417880342289,0.0228642603819,0.0493280097778,0.057815141673,0.00387155164133,0.00897609714758
241,0.626095503148,0.108551736738,0.00333945205427,0.143778557487,0.0452400361697,0.0376070205766,0.0270356672163,0.00511634311038,0.00323568350022
242,0.191995910764,0.167656072979,0.0224910738029,0.465656362719,0.0360921959669,0.00548368841297,0.102319534332,0.0077453533335,0.000559807688945
243,0.120396746347,0.127738282365,0.0159832440855,0.0802416961208,0.0145130791614,0.0327152571058,0.602640197794,0.00423868320042,0.00153281382079
244,0.119881806174,0.124969970586,0.0152741700345,0.0790732077059,0.0144604462796,0.0328854824463,0.607715752866,0.00421065887683,0.00152850503081
245,0.10030243867,0.207696815108,0.0283938260414,0.0328531922809,0.0787836806637,0.0182210526661,0.531742943747,0.000385804295139,0.00162024652834
246,0.174198725532,0.0756988379697,0.00892637574008,0.317347930106,0.0252520556888,0.0619517794561,0.326774880571,0.00555504222907,0.00429437270717
247,0.226215032375,0.0617766803108,0.00523526889209,0.545107080743,0.01335644032,0.0222439504869,0.118787511545,0.00422989453797,0.00304814078935
248,0.261264306381,0.243023292611,0.00920812325843,0.170635516427,0.0556196993036,0.0375640241095,0.218017869142,0.003955923561,0.000711245206506
249,0.185681791178,0.0612722879501,0.00540993941805,0.671879842737,0.0181199396149,0.00803723243602,0.042730294515,0.00225973195058,0.00460894020062
250,0.513457509833,0.103383363946,0.00442882163513,0.207022205401,0.0460432980734,0.0424190359719,0.0720518819295,0.00564496509635,0.00554891811311
251,0.106169216093,0.126081120641,0.0162404173289,0.0668844641042,0.0142254156243,0.0324224701565,0.632305073193,0.0042446687158,0.00142715414337
252,0.178814216895,0.0289154390994,0.00692905314146,0.67674261239,0.0303758823751,0.0357102009119,0.0329017926698,0.00267683114932,0.00693397136806
253,0.187202381742,0.0821434873363,0.00884830145256,0.494046262745,0.0240424202078,0.0766772518817,0.115774610551,0.00646247890179,0.00480280518159
254,0.188536726693,0.087013381071,0.0161950296289,0.463562153361,0.0454508215255,0.0917040025937,0.102876071738,0.00372230586085,0.000939507527954
255,0.120548121503,0.0870108241189,0.0275870561755,0.598429647662,0.0216205986576,0.0470322490505,0.0902848410015,0.00608909596994,0.00139756586056
256,0.130487555334,0.220159918467,0.0149539827358,0.271368363663,0.0180573270355,0.0455197205524,0.288227511951,0.00744930100622,0.00377631925577
257,0.150087537541,0.24952603708,0.00867124868197,0.0194533905137,0.15317594123,0.14291718763,0.271898708364,0.00137792737957,0.0028920215796
258,0.111789596885,0.127265826077,0.0185319905068,0.0785201329456,0.0147145923276,0.0340587897278,0.608958556727,0.00453374657761,0.00162676822444
259,0.114070113214,0.12799310805,0.0151274334995,0.0777041576024,0.0145692247418,0.03232130896,0.61267173357,0.00415321464435,0.00138970571819
260,0.120017055599,0.122659387725,0.0152742602159,0.0588087620392,0.0140243724055,0.0315366361968,0.632114984409,0.00418180452724,0.001382736882
261,0.24147176849,0.228917535313,0.0398062416513,0.274099192007,0.0460453959087,0.0191732285332,0.146679897013,0.00171617049311,0.00209057059068
262,0.102711077699,0.124790113176,0.0150020577257,0.0581521099809,0.0137744441578,0.0309746220121,0.649130199495,0.00410728061646,0.00135809513718
263,0.204233181076,0.234675547821,0.0162544883191,0.161569372558,0.0225598346267,0.0709369551046,0.283725858887,0.00477612820898,0.00126863339887
264,0.135959381923,0.132989141984,0.0145655051801,0.108358953037,0.018227996079,0.0398058043486,0.544157859885,0.00437477712023,0.0015605804434
265,0.138560118895,0.286261387709,0.00950541530964,0.24103791215,0.0172520389215,0.0795152488586,0.222502894513,0.00418026379503,0.0011847198481
266,0.207017273684,0.081122886228,0.0871234796102,0.331908168041,0.0278707412246,0.0204099227791,0.236221767142,0.00216496460675,0.00616079668322
267,0.114724248869,0.206904710838,0.0387335669577,0.299626970726,0.027660514578,0.0501981437501,0.258561273707,0.00326796522522,0.000322605348429
268,0.143847412193,0.113554703503,0.0141671826399,0.179488484555,0.016905657622,0.0347142938173,0.490858414445,0.0042428868876,0.00222096433723
269,0.0905770888495,0.275034900537,0.0244313675859,0.0828610522265,0.0426079245369,0.0125356404987,0.469110199691,0.0022368234418,0.000605002632282
270,0.202142831329,0.100474753051,0.0115552958047,0.421958439506,0.0170190142284,0.0650111020437,0.169936121483,0.00631121228483,0.00559123027054
271,0.173789012743,0.0476820049961,0.00318117870254,0.618656438516,0.0199354455734,0.10086733974,0.0314686464369,0.00285785455301,0.00156207873834
272,0.277768670174,0.131539007842,0.0486343692639,0.258038474994,0.0236252639254,0.017537100277,0.240122101876,0.00159959693552,0.0011354147118
273,0.0593507521925,0.294204316753,0.0352567425983,0.0373771993732,0.0383201268553,0.033002281842,0.499374788557,0.000985343845643,0.00212844798349
