ID,class1,class2,class3,class4,class5,class6,class7,class8,class9
0,0.0163083,0.0157637,0.00505528,0.0558321,0.0152665,0.0130669,0.876164,0.00173373,0.000809373
1,0.24915,0.0587024,0.00453997,0.602725,0.0123899,0.00676479,0.0604183,0.0014977,0.00381197
2,0.0545388,0.431268,0.00302207,0.136067,0.0217461,0.0271113,0.321624,0.00319317,0.00142899
3,0.148958,0.166972,0.00633342,0.227912,0.0438325,0.038728,0.360078,0.0036714,0.00351521
4,0.111098,0.0977879,0.00705725,0.671536,0.0225506,0.0145675,0.069191,0.00264657,0.00356567
5,0.341701,0.0347095,0.00331526,0.448332,0.0286923,0.0595261,0.0754145,0.00592646,0.0023825
6,0.0447175,0.184542,0.0101118,0.315911,0.0899557,0.0352222,0.310598,0.00442702,0.00451467
7,0.255492,0.0657256,0.00444059,0.467235,0.0458172,0.0188539,0.134662,0.00399347,0.00378021
8,0.235707,0.172697,0.00561171,0.409125,0.0398292,0.0423904,0.0670789,0.0247742,0.00278644
9,0.12465,0.554854,0.0052002,0.124905,0.0162051,0.0317487,0.133916,0.00606965,0.00245171
10,0.0564726,0.150361,0.00328113,0.104437,0.0233511,0.0154771,0.592474,0.00394311,0.0502035
11,0.0854621,0.210601,0.00385391,0.156019,0.0177571,0.0527651,0.391465,0.00412269,0.0779534
12,0.280366,0.00608213,0.00432998,0.0191104,0.417273,0.263718,0.00575915,0.00183416,0.00152691
13,0.0702181,0.0888684,0.00820975,0.340569,0.00967455,0.0138927,0.465157,0.00191589,0.00149453
14,0.103006,0.701108,0.00365119,0.0780276,0.0154657,0.0240198,0.0678013,0.00373175,0.00318938
15,0.0547867,0.249113,0.00344667,0.227088,0.0306399,0.00998576,0.414785,0.00689981,0.00325605
16,0.168717,0.030548,0.00357843,0.6112,0.0148666,0.0090983,0.158717,0.00164086,0.00163326
17,0.144152,0.352452,0.0275059,0.209095,0.0297109,0.0095199,0.221201,0.00312195,0.00324098
18,0.199635,0.174223,0.0059104,0.332433,0.0196532,0.0460077,0.206381,0.00541553,0.0103411
19,0.0069707,0.00806906,0.899628,0.00628217,0.00448286,0.00159967,0.05704,0.00149824,0.014429
20,0.236231,0.124077,0.00501867,0.454882,0.00925921,0.0184063,0.0864723,0.0055052,0.0601474
21,0.124254,0.17363,0.00604095,0.417885,0.0495651,0.020198,0.202741,0.00312984,0.00255551
22,0.0113077,0.0158269,0.003504,0.939182,0.00397612,0.0041297,0.00639471,0.000772964,0.0149061
23,0.0890134,0.497698,0.00788339,0.0300718,0.0687603,0.0285476,0.268727,0.00388582,0.00541222
24,0.103756,0.309937,0.00905534,0.132197,0.0474254,0.0152292,0.318491,0.00206969,0.0618401
25,0.36565,0.0334646,0.00509018,0.423276,0.0107469,0.0370682,0.118518,0.00249534,0.0036902
26,0.13405,0.156024,0.0636599,0.230355,0.0149151,0.00702659,0.296138,0.00469294,0.0931382
27,0.0367433,0.326541,0.0127853,0.0534702,0.0826569,0.0236863,0.455129,0.00584882,0.00313852
28,0.182335,0.138206,0.0046255,0.49752,0.0102748,0.0238593,0.137794,0.00293446,0.00245065
29,0.267967,0.145631,0.00591035,0.151333,0.0148591,0.0143989,0.384871,0.0123179,0.00271038
30,0.101365,0.0856222,0.0122165,0.303061,0.0242054,0.0462374,0.418667,0.0048487,0.00377719
31,0.196603,0.314535,0.00806936,0.329205,0.0174017,0.0268283,0.0965752,0.00758135,0.00320171
32,0.119643,0.264768,0.0104672,0.111345,0.0495819,0.0137697,0.420031,0.00333469,0.00705951
33,0.314045,0.0701713,0.0169654,0.459663,0.0296122,0.0213754,0.0826877,0.00154541,0.00393504
34,0.180719,0.348466,0.0154967,0.0657172,0.175632,0.045475,0.152364,0.00929754,0.00683207
35,0.155417,0.159324,0.00634627,0.516928,0.0475869,0.0316436,0.0773082,0.00228318,0.00316269
36,0.306476,0.12114,0.00421524,0.310367,0.0254281,0.0067804,0.114039,0.00227237,0.10928
37,0.0894029,0.107415,0.0023173,0.546508,0.00728324,0.0895081,0.0940719,0.00548035,0.0580126
38,0.119821,0.256972,0.00746192,0.0882679,0.011174,0.0417258,0.467561,0.00436466,0.00265222
39,0.12416,0.16212,0.00467988,0.584076,0.0232222,0.0283259,0.0662954,0.00422268,0.00289851
40,0.0196127,0.123675,0.00304865,0.0604858,0.0354518,0.00924394,0.744346,0.00280153,0.00133539
41,0.104545,0.283594,0.0046224,0.32815,0.0249282,0.0288583,0.150332,0.00506315,0.069907
42,0.588732,0.037277,0.0016627,0.296317,0.00837922,0.0193746,0.0420543,0.00335886,0.00284394
43,0.10388,0.0989026,0.00261376,0.320869,0.00456784,0.0229445,0.441266,0.00221524,0.00274156
44,0.123242,0.248384,0.00485978,0.056492,0.0286678,0.0119072,0.509062,0.0153274,0.00205728
45,0.186237,0.0703623,0.00415851,0.139769,0.0168806,0.0193821,0.557628,0.00281232,0.00277023
46,0.125195,0.128728,0.023708,0.237624,0.016864,0.0437841,0.170737,0.0202705,0.23309
47,0.309023,0.0287337,0.0130968,0.380855,0.0728568,0.0150196,0.105166,0.00221419,0.073035
48,0.20105,0.386985,0.00937003,0.280245,0.0204055,0.0215702,0.0756906,0.0024456,0.00223866
49,0.0725456,0.556007,0.00746339,0.0778445,0.0110732,0.00827052,0.263426,0.0020178,0.00135208
50,0.101258,0.0927084,0.00460263,0.501728,0.0109262,0.0389133,0.241004,0.00612946,0.00273014
51,0.417891,0.083833,0.00516917,0.142818,0.0160665,0.11616,0.20179,0.00657807,0.00969451
52,0.163046,0.0648057,0.0158566,0.385286,0.0128799,0.00829903,0.341293,0.00540821,0.00312589
53,0.108922,0.197769,0.00803968,0.35124,0.0122299,0.0294722,0.275091,0.0115092,0.00572668
54,0.163234,0.130775,0.00540359,0.427485,0.010604,0.0539812,0.0849634,0.00347015,0.120084
55,0.0419335,0.0103554,0.000956058,0.898537,0.00302293,0.00320013,0.0182063,0.000658292,0.0231307
56,0.152105,0.0303723,0.00490963,0.607692,0.00516043,0.0415626,0.15192,0.00352557,0.0027523
57,0.252242,0.099401,0.00881402,0.193768,0.0192261,0.0218416,0.318402,0.00460914,0.0816963
58,0.45903,0.136667,0.0038824,0.146725,0.0116827,0.0108298,0.14789,0.00351001,0.0797831
59,0.271339,0.0571851,0.00238396,0.55422,0.00591733,0.0076082,0.0921683,0.00416817,0.00501075
60,0.110476,0.324755,0.0065677,0.206421,0.00910463,0.00726962,0.298649,0.0034387,0.0333186
61,0.175348,0.0748749,0.00744914,0.626877,0.0375699,0.0415261,0.0291179,0.00205551,0.005182
62,0.229618,0.0623003,0.0030605,0.618853,0.039526,0.0170328,0.0222395,0.00167184,0.005698
63,0.051066,0.146011,0.00380291,0.0907756,0.0247704,0.00616858,0.674672,0.00170335,0.00103009
64,0.0544182,0.0652805,0.00964581,0.72761,0.0555313,0.0167197,0.0493934,0.00616266,0.0152381
65,0.158275,0.0964675,0.00608528,0.493733,0.0124959,0.0135224,0.210934,0.00555308,0.00293311
66,0.193587,0.210053,0.0389796,0.218688,0.0595867,0.191381,0.0785364,0.00604582,0.00314314
67,0.256447,0.0871086,0.00951858,0.339088,0.0240046,0.0141445,0.258308,0.00649131,0.00488958
68,0.037414,0.124503,0.00470142,0.18297,0.0117716,0.0051467,0.630372,0.00224101,0.000880884
69,0.391635,0.0503137,0.0117393,0.361561,0.0198289,0.0451977,0.108745,0.00514618,0.0058336
70,0.00541344,0.00274121,0.0017971,0.981061,0.00262024,0.00255798,0.00266459,0.000594467,0.000550324
71,0.0659357,0.101667,0.00460976,0.22981,0.00958765,0.00778037,0.522968,0.00181644,0.055826
72,0.498657,0.00619261,0.00480883,0.108101,0.282569,0.0232855,0.0166122,0.00207524,0.0576977
73,0.0918175,0.0447778,0.0183114,0.261768,0.201871,0.0509401,0.2842,0.00207913,0.0442347
74,0.159979,0.369828,0.00841861,0.197608,0.0126892,0.0117752,0.231205,0.00654904,0.00194761
75,0.108404,0.412346,0.00637956,0.102022,0.0989729,0.0169941,0.192671,0.00233095,0.0598803
76,0.125205,0.291666,0.0126303,0.367817,0.00891828,0.0281822,0.0895803,0.00236546,0.073636
77,0.0305843,0.058694,0.0246111,0.0269371,0.00550591,0.00875934,0.83954,0.00459682,0.000771521
78,0.207773,0.121953,0.0152702,0.183039,0.0279972,0.035867,0.351751,0.00278773,0.0535618
79,0.0903187,0.0170567,0.00533538,0.0808396,0.0119025,0.00669214,0.742533,0.00191851,0.0434035
80,0.320751,0.162469,0.00793963,0.337649,0.0245743,0.0455419,0.0758215,0.0175959,0.00765783
81,0.0733728,0.0911073,0.00480948,0.515195,0.00886171,0.0226468,0.277597,0.00410786,0.0023024
82,0.147772,0.0109977,0.0120369,0.695527,0.0411018,0.0508821,0.034762,0.00211819,0.00480225
83,0.307072,0.0474918,0.00539754,0.552696,0.0109729,0.0181022,0.0456161,0.009447,0.00320397
84,0.365802,0.0895221,0.00300307,0.278514,0.01533,0.020326,0.12726,0.00244173,0.0978009
85,0.121095,0.160562,0.00824132,0.362112,0.0312586,0.0408403,0.172082,0.00403457,0.0997748
86,0.0652097,0.135555,0.00433375,0.367417,0.0134303,0.0608666,0.207162,0.0432213,0.102804
87,0.352263,0.170302,0.00518319,0.114795,0.00892472,0.0311923,0.305522,0.00696135,0.00485619
88,0.0227201,0.125196,0.00321477,0.115734,0.0119561,0.0230465,0.688955,0.00705494,0.00212313
89,0.0517359,0.0437015,0.0043153,0.57423,0.00703067,0.0154485,0.250803,0.03895,0.013785
90,0.360742,0.0569172,0.0117436,0.487875,0.0127144,0.0343629,0.028589,0.00499067,0.00206552
91,0.216521,0.087944,0.00637998,0.148585,0.0222632,0.0296696,0.483153,0.00347423,0.00200913
92,0.17947,0.178677,0.0194555,0.205033,0.0429616,0.0782398,0.291938,0.0019167,0.00230798
93,0.0405294,0.247651,0.00598577,0.061537,0.0148041,0.0247205,0.599274,0.00356333,0.00193428
94,0.115659,0.170082,0.00719519,0.571116,0.0620914,0.016676,0.0523189,0.00243365,0.0024275
95,0.298245,0.0462058,0.00512516,0.529458,0.0375267,0.038236,0.0404133,0.00206869,0.00272179
96,0.164944,0.448253,0.00404266,0.18281,0.0160435,0.014814,0.162809,0.00164317,0.00464025
97,0.204727,0.07189,0.0138287,0.357317,0.0147707,0.0231219,0.296209,0.0162344,0.00190078
98,0.144513,0.0812531,0.00365876,0.605088,0.0270442,0.0240107,0.106644,0.00452724,0.00326051
99,0.262136,0.169983,0.0290986,0.225537,0.0280126,0.0301615,0.247305,0.00276502,0.00500128
100,0.0890073,0.0579434,0.00153204,0.761869,0.0178635,0.0509394,0.0175023,0.00237653,0.000966853
101,0.215049,0.0607404,0.011669,0.499505,0.013074,0.0597923,0.12088,0.00413013,0.0151595
102,0.258828,0.108551,0.00896122,0.347229,0.094354,0.0407807,0.136238,0.0024007,0.00265719
103,0.0704454,0.0813809,0.0158234,0.409691,0.0249379,0.0125633,0.381328,0.00178275,0.00204651
104,0.337525,0.102576,0.00199489,0.308954,0.00649848,0.0104741,0.2262,0.00151786,0.0042599
105,0.0362175,0.0938475,0.00202703,0.0117098,0.00934826,0.00667242,0.803274,0.00184165,0.0350616
106,0.172385,0.342044,0.00312219,0.269303,0.00793101,0.0220888,0.109979,0.00252787,0.0706194
107,0.468304,0.00651367,0.0159713,0.344736,0.0863597,0.0199529,0.0525394,0.00282774,0.00279576
108,0.0759826,0.105384,0.0138574,0.397842,0.0245864,0.0221405,0.347846,0.00746311,0.00489861
109,0.110802,0.193432,0.00268423,0.329218,0.0160795,0.0446411,0.291118,0.0106844,0.0013406
110,0.124953,0.0570392,0.0494347,0.233429,0.0220831,0.0142693,0.48701,0.00813802,0.00364431
111,0.0309668,0.351109,0.00187558,0.0301647,0.00278769,0.0094926,0.537927,0.00167422,0.0340027
112,0.12452,0.0282114,0.00805115,0.759471,0.0311718,0.0180558,0.0189848,0.00560267,0.00593118
113,0.0223546,0.04697,0.00295561,0.0218103,0.0159007,0.00889595,0.878878,0.00116205,0.00107267
114,0.139785,0.112759,0.00419449,0.381982,0.0197807,0.0172063,0.124281,0.00649746,0.193515
115,0.294767,0.0651548,0.0163988,0.30132,0.0834591,0.074541,0.0721047,0.0022463,0.0900091
116,0.436938,0.068787,0.0079607,0.226773,0.0337688,0.149122,0.0188355,0.0530256,0.00478996
117,0.266762,0.0356699,0.00393365,0.507314,0.00813518,0.0226888,0.0455064,0.00192483,0.108065
118,0.197683,0.0406496,0.121833,0.188005,0.140146,0.0277194,0.1766,0.00762339,0.0997414
119,0.00195839,0.974629,0.000299324,0.0030711,0.000573176,0.000443998,0.018574,0.000249691,0.000201337
120,0.30195,0.0542192,0.0201029,0.395317,0.0188277,0.111395,0.0682304,0.0169144,0.0130433
121,0.415243,0.0040712,0.0109414,0.0906191,0.403112,0.0257277,0.00920967,0.00225182,0.0388237
122,0.141834,0.0427712,0.00655995,0.489774,0.0401603,0.0113665,0.263543,0.00156163,0.00242981
123,0.0645869,0.204443,0.00345605,0.285093,0.0119425,0.0166491,0.365047,0.00285942,0.0459233
124,0.358207,0.0719698,0.00300824,0.381683,0.018766,0.0176449,0.0462011,0.00238252,0.100137
125,0.224843,0.0518699,0.00562646,0.522131,0.0105793,0.0129068,0.0943384,0.00246453,0.0752408
126,0.0901753,0.11987,0.0156867,0.478776,0.0118581,0.0101129,0.269066,0.00212241,0.0023318
127,0.151812,0.217423,0.00549078,0.170505,0.0869347,0.0189945,0.293033,0.00555973,0.050246
128,0.0514959,0.017596,0.00396642,0.872525,0.00434984,0.00397101,0.0438683,0.000961546,0.00126558
129,0.250847,0.0140291,0.00468924,0.653077,0.03615,0.0202716,0.0170921,0.00196972,0.00187447
130,0.0776269,0.655108,0.00363722,0.0484709,0.0148588,0.0264866,0.119448,0.00315973,0.0512038
131,0.136107,0.205217,0.0065806,0.145613,0.269426,0.0228845,0.1826,0.00194679,0.0296249
132,0.103021,0.197897,0.00435838,0.150041,0.00741324,0.0273227,0.504823,0.00265645,0.00246733
133,0.266096,0.124945,0.00703863,0.468387,0.0191431,0.0117492,0.0945753,0.00653178,0.00153326
134,0.258303,0.154433,0.0249359,0.360475,0.011766,0.0335027,0.148708,0.00520776,0.0026691
135,0.619734,0.0492405,0.00633696,0.226869,0.0149574,0.023344,0.0481274,0.00727045,0.00412029
136,0.186012,0.0947978,0.00366542,0.151486,0.0227696,0.0252977,0.50886,0.0037602,0.00335122
137,0.765691,0.00756841,0.00330242,0.139758,0.00293245,0.00324977,0.0100818,0.00108784,0.0663284
138,0.230852,0.123882,0.0085712,0.307674,0.073524,0.0228771,0.222396,0.00668092,0.0035423
139,0.212268,0.138459,0.0276681,0.230249,0.074453,0.0635909,0.238826,0.00961341,0.004872
140,0.204097,0.13542,0.0227498,0.274703,0.0251762,0.0223599,0.215894,0.00132757,0.0982736
141,0.212595,0.0527847,0.00234229,0.314066,0.0103735,0.00553044,0.310228,0.00329509,0.0887851
142,0.049504,0.235167,0.0150141,0.193642,0.0444236,0.0390178,0.413566,0.0062473,0.00341876
143,0.240152,0.0131763,0.00119994,0.670472,0.00930786,0.00977256,0.0281012,0.00116419,0.0266532
144,0.211749,0.121745,0.0109161,0.540323,0.0200672,0.014107,0.0692851,0.00784612,0.00396095
145,0.252853,0.0745808,0.0103061,0.501268,0.0291676,0.0083356,0.121304,0.00104446,0.00114113
146,0.275653,0.127865,0.0357903,0.398164,0.0500196,0.0649419,0.040158,0.0035555,0.00385328
147,0.307173,0.0408246,0.0169673,0.13277,0.0650368,0.142399,0.229676,0.00422153,0.0609328
148,0.125951,0.0952716,0.00452414,0.552974,0.0571502,0.107271,0.0426427,0.00409291,0.0101225
149,0.00879945,0.0695648,0.00776735,0.0100307,0.0149899,0.00521821,0.879793,0.0025626,0.00127349
150,0.145978,0.188399,0.00694804,0.284836,0.0110726,0.0345717,0.234256,0.0035272,0.0904106
151,0.118673,0.0583741,0.00331757,0.452063,0.0122296,0.0147632,0.231464,0.00174676,0.107369
152,0.108457,0.212119,0.00623074,0.116165,0.0336998,0.0404901,0.434116,0.0020085,0.0467128
153,0.320747,0.0467163,0.0114012,0.305793,0.00984616,0.00813235,0.290055,0.00181976,0.00548998
154,0.375886,0.0957184,0.0155222,0.360503,0.0124139,0.0324753,0.0246949,0.00540781,0.0773785
155,0.406523,0.0437998,0.00412155,0.406221,0.0117278,0.0335305,0.0846693,0.00545645,0.00395048
156,0.199291,0.0939739,0.00681353,0.297116,0.0155624,0.011178,0.370516,0.00336917,0.00217961
157,0.029707,0.260611,0.00287681,0.0313558,0.0221551,0.0353152,0.610267,0.00593903,0.00177276
158,0.178826,0.0565551,0.0059273,0.46218,0.0350531,0.00605225,0.248201,0.00229151,0.00491349
159,0.646044,0.0300239,0.0051163,0.121566,0.0115714,0.0566274,0.0224598,0.0055944,0.100997
160,0.064738,0.689077,0.0100161,0.0257306,0.0250939,0.0241264,0.103055,0.00124882,0.056914
161,0.0930685,0.0300979,0.0114684,0.748631,0.00951606,0.011991,0.0902003,0.00304979,0.00197737
162,0.0982441,0.312413,0.00745384,0.256983,0.0673875,0.0163171,0.224979,0.0124169,0.0038051
163,0.0806952,0.557517,0.00367963,0.185809,0.00782354,0.0235471,0.135521,0.00396311,0.00144509
164,0.435304,0.0598648,0.00223618,0.250595,0.018897,0.00903323,0.217401,0.00255619,0.00411216
165,0.0423933,0.218561,0.0117338,0.0779334,0.0349158,0.0311422,0.571597,0.00792788,0.00379605
166,0.306847,0.0893822,0.022677,0.270714,0.133133,0.0248008,0.143526,0.00373445,0.00518563
167,0.0360732,0.184051,0.00380468,0.0236131,0.0190531,0.0053176,0.724511,0.00254453,0.00103151
168,0.442025,0.0581889,0.00637011,0.277824,0.0282903,0.0370034,0.0289168,0.00240432,0.118977
169,0.14986,0.0935243,0.00775289,0.122444,0.0205993,0.0141954,0.412198,0.00385757,0.175568
170,0.0814098,0.0502055,0.0184911,0.238027,0.0117564,0.0133794,0.579512,0.0052739,0.0019446
171,0.016053,0.377863,0.0128946,0.036628,0.0315859,0.0338637,0.483232,0.00471058,0.00316866
172,0.0735543,0.554517,0.00542729,0.0967401,0.075622,0.0348723,0.152301,0.0038557,0.00311105
173,0.0582199,0.0812563,0.00662867,0.361304,0.0522231,0.0648147,0.370405,0.00348587,0.00166266
174,0.19038,0.0359732,0.00290475,0.614062,0.00939754,0.012627,0.0632712,0.0115855,0.0597984
175,0.177349,0.19747,0.00610507,0.216954,0.0401659,0.0198094,0.335856,0.00350695,0.00278319
176,0.234398,0.23883,0.00665996,0.0549372,0.0551872,0.0296087,0.373844,0.00271591,0.00381802
177,0.107247,0.00713254,0.00957553,0.83012,0.0152683,0.011496,0.0114482,0.00140788,0.00630471
178,0.10824,0.0375339,0.00487648,0.724613,0.00730864,0.0250635,0.0868266,0.00189267,0.00364461
179,0.115601,0.142799,0.00225486,0.628674,0.0200623,0.046352,0.040346,0.00111226,0.00279905
180,0.00689905,0.111175,0.00275534,0.0067725,0.0251269,0.00706002,0.838876,0.000883878,0.000451529
181,0.012885,0.0723743,0.0125713,0.0383175,0.0212184,0.020068,0.817846,0.00255883,0.00216072
182,0.458151,0.070574,0.00672013,0.0918244,0.0066358,0.0209907,0.322506,0.00152018,0.0210779
183,0.122565,0.263804,0.00347685,0.417613,0.0258155,0.0753391,0.0827461,0.00567017,0.00296993
184,0.48862,0.00452472,0.00712113,0.419783,0.0240144,0.0371787,0.0140191,0.00220047,0.002539
185,0.00774354,0.405028,0.0017392,0.0250325,0.0113528,0.0163096,0.528165,0.00226439,0.00236494
186,0.303369,0.171933,0.00308783,0.325192,0.0148905,0.0219697,0.136675,0.00555512,0.0173277
187,0.164438,0.0631832,0.0030583,0.486371,0.00801196,0.0124451,0.236096,0.00293479,0.0234623
188,0.295451,0.250312,0.00753768,0.0823233,0.0579185,0.0198608,0.280621,0.00369305,0.00228177
189,0.104258,0.122968,0.0175366,0.147699,0.0286078,0.0232317,0.546327,0.00312619,0.00624577
190,0.384853,0.0148402,0.00414597,0.510789,0.0125025,0.00776463,0.0121211,0.0017903,0.0511933
191,0.074562,0.227145,0.0109874,0.0664964,0.0359538,0.0205108,0.557694,0.00365404,0.00299701
192,0.177955,0.0177084,0.00811502,0.615273,0.0615053,0.0103284,0.0354934,0.0024508,0.071171
193,0.0857397,0.125099,0.0121632,0.209333,0.011493,0.0195792,0.394439,0.00161124,0.140543
194,0.290947,0.115633,0.00613003,0.217384,0.0358668,0.0103533,0.235083,0.00224332,0.0863592
195,0.43101,0.0427444,0.0059949,0.286149,0.0275487,0.1364,0.0635085,0.00440236,0.0022428
196,0.247699,0.033935,0.0129938,0.537505,0.108706,0.0196849,0.0315697,0.00474351,0.00316261
197,0.384532,0.19994,0.0209771,0.0945577,0.0339798,0.0751281,0.175548,0.00996024,0.00537753
198,0.225819,0.065649,0.103839,0.335433,0.146863,0.00871743,0.106458,0.00429239,0.00292911
199,0.125906,0.160158,0.00417437,0.182564,0.0208906,0.0220669,0.474463,0.00402421,0.00575262
200,0.218269,0.0946486,0.0119859,0.51237,0.016041,0.0118647,0.128472,0.00318108,0.00316767
201,0.146961,0.0304938,0.0042312,0.666242,0.0163363,0.00752832,0.056804,0.00424648,0.0671566
202,0.133621,0.345123,0.00850169,0.166662,0.0126501,0.00718571,0.319268,0.00507023,0.00191851
203,0.331383,0.0867403,0.00655965,0.464524,0.0290953,0.0134184,0.0635432,0.00282698,0.00190906
204,0.0552662,0.6436,0.00139805,0.0408408,0.0115087,0.0381185,0.206273,0.00173631,0.00125779
205,0.104134,0.18555,0.0055536,0.144425,0.0375567,0.0580234,0.338141,0.05336,0.073257
206,0.0858176,0.124007,0.00303629,0.01926,0.0401935,0.0141348,0.706484,0.0011985,0.00586835
207,0.289613,0.0677366,0.0133954,0.534056,0.0255328,0.0139093,0.0408774,0.0109799,0.0038999
208,0.078472,0.0566794,0.00155743,0.74745,0.00488462,0.00503772,0.102958,0.00176579,0.00119483
209,0.325649,0.0982405,0.00462897,0.467441,0.0139294,0.0129495,0.0699214,0.00543259,0.00180693
210,0.181294,0.107213,0.00700824,0.0902356,0.0332736,0.022518,0.43678,0.00322684,0.11845
211,0.0553205,0.33776,0.0042262,0.0787998,0.0367493,0.013839,0.469005,0.00259732,0.00170274
212,0.139779,0.26806,0.00745718,0.0775819,0.0362978,0.0366623,0.230348,0.00376095,0.200053
213,0.0498355,0.484605,0.0468747,0.0930168,0.0719741,0.0657155,0.180813,0.00438629,0.0027789
214,0.0526988,0.293731,0.0137618,0.0956003,0.0596657,0.00441545,0.474323,0.00412596,0.00167808
215,0.625754,0.00681838,0.0215866,0.101679,0.135437,0.0171276,0.0207383,0.00198987,0.068869
216,0.212276,0.116181,0.0153544,0.276334,0.0274834,0.0186136,0.316236,0.0116286,0.00589247
217,0.0895798,0.113654,0.00483186,0.478469,0.0375874,0.0925512,0.100875,0.00251572,0.0799364
218,0.080896,0.105549,0.00459612,0.566345,0.0067141,0.0176172,0.213954,0.00259233,0.00173673
219,0.34396,0.105425,0.00804661,0.317998,0.0791725,0.100655,0.038057,0.00321477,0.00347195
220,0.260766,0.140604,0.0052191,0.113259,0.0181421,0.0103313,0.438926,0.00918213,0.00357013
221,0.0409024,0.129911,0.00528572,0.089815,0.0310067,0.0138754,0.646737,0.0368031,0.00566349
222,0.113864,0.164179,0.00562812,0.608639,0.0384835,0.0133358,0.031671,0.0133354,0.0108646
223,0.0887206,0.244248,0.0205956,0.274032,0.0559542,0.0985537,0.207662,0.00671115,0.00352337
224,0.222528,0.0444566,0.0126333,0.358221,0.0696978,0.033742,0.25062,0.0051826,0.0029179
225,0.118927,0.144454,0.0221301,0.244252,0.0146165,0.0191143,0.386418,0.00764517,0.0424429
226,0.353212,0.17019,0.00788083,0.29424,0.0282776,0.0205217,0.113506,0.00432308,0.0078484
227,0.0175493,0.146712,0.00199298,0.0173408,0.0148502,0.00919969,0.720653,0.00553179,0.0661701
228,0.0993304,0.330778,0.00447606,0.0477082,0.00860011,0.0611443,0.436582,0.00926499,0.00211608
229,0.182242,0.180128,0.0229826,0.198682,0.00839866,0.0176067,0.380958,0.00277682,0.00622567
230,0.139914,0.153043,0.00483187,0.266819,0.108146,0.0286176,0.293002,0.00224416,0.0033833
231,0.208976,0.20306,0.0846009,0.0294665,0.0771769,0.0147852,0.373412,0.00550607,0.00301573
232,0.138949,0.0884437,0.00581325,0.639521,0.0137212,0.0152005,0.0921663,0.00305262,0.00313282
233,0.143642,0.0644284,0.00520837,0.414303,0.126711,0.040613,0.201139,0.00197351,0.00198215
234,0.0288862,0.0122815,0.737358,0.0169584,0.008165,0.00312565,0.147344,0.00568255,0.0401985
235,0.0766541,0.100821,0.00941892,0.0338238,0.0310106,0.0137863,0.705981,0.00191421,0.0265894
236,0.0977201,0.131036,0.00575717,0.360832,0.0188167,0.0239908,0.353932,0.00290426,0.00501054
237,0.107761,0.0550731,0.00464573,0.337526,0.0206402,0.0131828,0.250901,0.00162349,0.208646
238,0.135429,0.141791,0.0045053,0.431196,0.015455,0.0105464,0.241266,0.0123901,0.00742171
239,0.184138,0.0389034,0.0117668,0.73468,0.0112129,0.0059641,0.00800094,0.00206607,0.00326845
240,0.124313,0.020739,0.0129636,0.144019,0.0385227,0.612343,0.0410221,0.002582,0.00349542
241,0.37141,0.198929,0.00568223,0.12418,0.143806,0.0527988,0.0804662,0.00295289,0.0197751
242,0.219199,0.101101,0.00868562,0.442533,0.0912591,0.0500273,0.0802412,0.00486574,0.00208833
243,0.390233,0.0342264,0.00385617,0.26979,0.00973872,0.044254,0.164074,0.0011515,0.0826774
244,0.129425,0.0522324,0.00523741,0.484127,0.0243811,0.0350185,0.260051,0.00282134,0.00670606
245,0.182457,0.117228,0.00779176,0.0511881,0.0291934,0.00922911,0.238318,0.00311886,0.361476
246,0.369475,0.104337,0.00640658,0.127856,0.0174758,0.021984,0.316946,0.0312079,0.00431178
247,0.128656,0.0590321,0.00363591,0.365726,0.0456047,0.0118258,0.381283,0.00291913,0.00131716
248,0.0973751,0.171641,0.00715465,0.0795433,0.0624471,0.0686249,0.495312,0.00297933,0.0149234
249,0.0965334,0.225279,0.00398221,0.367686,0.0169972,0.0120063,0.266478,0.00481065,0.00622707
250,0.305771,0.0829351,0.00833724,0.428773,0.0294557,0.0163046,0.117805,0.00368978,0.00692885
251,0.28598,0.0145563,0.00405416,0.633158,0.00597648,0.0170405,0.0127156,0.0168751,0.00964397
252,0.159613,0.0385158,0.00597872,0.702993,0.00895338,0.00570266,0.0717483,0.00451305,0.0019815
253,0.0837544,0.193152,0.00915981,0.6003,0.013148,0.0140511,0.0780413,0.0062758,0.0021178
254,0.302261,0.0252148,0.0204075,0.551629,0.0150206,0.011564,0.031883,0.003918,0.0381018
255,0.053495,0.0356566,0.00716937,0.455486,0.00299933,0.00889474,0.426003,0.00873712,0.00155856
256,0.139925,0.055073,0.00449061,0.307158,0.0114494,0.00404323,0.473608,0.00307394,0.00117853
257,0.179204,0.0832685,0.00971735,0.0253369,0.0789277,0.0348857,0.564773,0.00301758,0.0208687
258,0.0819886,0.51776,0.00497796,0.131643,0.0631744,0.0210216,0.171714,0.00554206,0.00217765
259,0.145714,0.548187,0.00241158,0.104184,0.00577612,0.0118354,0.153552,0.00351682,0.0248226
260,0.0599576,0.444997,0.00561897,0.0186114,0.0317407,0.0149706,0.420927,0.00177832,0.00139882
261,0.0811693,0.227062,0.00612229,0.0750638,0.029499,0.0228998,0.478815,0.00611252,0.073256
262,0.0347841,0.268854,0.00338839,0.0520729,0.0227517,0.0208925,0.591424,0.00402935,0.00180388
263,0.142723,0.0381325,0.00704473,0.620848,0.0130864,0.0142698,0.154316,0.00626134,0.00331805
264,0.231956,0.130956,0.0302635,0.28432,0.030061,0.0299416,0.23586,0.0233933,0.00324876
265,0.108435,0.0927068,0.00346923,0.12265,0.0219981,0.0237543,0.611151,0.00764893,0.00818682
266,0.174645,0.0253357,0.00341889,0.395659,0.0107158,0.00910024,0.292103,0.0036667,0.0853559
267,0.0562171,0.0774172,0.00319531,0.0436292,0.0194818,0.00876655,0.786217,0.00200363,0.00307198
268,0.0955169,0.129538,0.00904146,0.302487,0.113688,0.0675052,0.275241,0.00295372,0.00402894
269,0.157687,0.194957,0.0827902,0.159911,0.0194788,0.0100721,0.365517,0.00744961,0.00213852
270,0.0607779,0.14925,0.00342069,0.124733,0.0342362,0.0121553,0.609315,0.00403764,0.00207391
271,0.295515,0.0247691,0.00833728,0.562508,0.0273611,0.0346402,0.0401667,0.00375484,0.00294753
272,0.293525,0.185215,0.00963999,0.110148,0.0161179,0.0393317,0.242701,0.00710057,0.0962209
273,0.0196527,0.0404069,0.00262287,0.158153,0.00689857,0.00572916,0.460909,0.00147009,0.304158
274,0.133546,0.312061,0.0175789,0.173809,0.0398759,0.0470171,0.264649,0.00774446,0.00371906
275,0.120325,0.328874,0.0126428,0.119031,0.0307717,0.0246161,0.357987,0.00266712,0.00308529
276,0.104741,0.132119,0.0117267,0.112725,0.0205759,0.327804,0.277628,0.00826104,0.00441986
277,0.35242,0.102076,0.0201631,0.428507,0.00911635,0.0395694,0.0455606,0.00145031,0.00113678
278,0.0494715,0.222461,0.00559656,0.398794,0.0193567,0.0621195,0.234319,0.00490747,0.00297463
279,0.0868843,0.0558778,0.00523249,0.705056,0.0159679,0.0338355,0.0448022,0.00217408,0.0501695
280,0.0694525,0.336524,0.00165502,0.440422,0.0054036,0.0357826,0.0384988,0.00398675,0.0682741
281,0.416053,0.0533178,0.0115951,0.275085,0.132664,0.0168927,0.0833821,0.00420189,0.00680867
282,0.214312,0.144163,0.0118136,0.271515,0.0393397,0.0299171,0.270375,0.0102428,0.00832151
283,0.0536824,0.0684024,0.00130854,0.0883109,0.023265,0.00866563,0.72601,0.002964,0.0273907
284,0.271243,0.127204,0.00743951,0.352475,0.0401154,0.0847535,0.110732,0.00319368,0.00284376
285,0.0792345,0.590051,0.00429938,0.0979949,0.0089023,0.00960361,0.204787,0.00310619,0.00202076
286,0.186994,0.301594,0.0296455,0.141343,0.0751399,0.0134358,0.246943,0.00295935,0.00194474
287,0.0277876,0.478601,0.00160413,0.0903037,0.0278803,0.00857722,0.343409,0.00113562,0.0207019
288,0.188746,0.240855,0.0562953,0.0627346,0.021896,0.0341048,0.366316,0.0256478,0.00340359
289,0.070046,0.177746,0.011018,0.181659,0.0599999,0.0482523,0.442901,0.00460874,0.00376912
290,0.305609,0.0145427,0.0108345,0.616201,0.0116528,0.0224006,0.0110799,0.00212423,0.005555
291,0.224345,0.0573666,0.00854654,0.435524,0.0620847,0.0981462,0.102995,0.00611077,0.00488119
292,0.138644,0.112244,0.00512627,0.159981,0.0248572,0.0270305,0.466163,0.00573512,0.0602199
293,0.0874214,0.0515461,0.00724998,0.441535,0.0431622,0.0307493,0.250274,0.00226848,0.0857927
294,0.142949,0.182179,0.015187,0.222973,0.0237138,0.0101149,0.393373,0.00331346,0.00619756
295,0.208402,0.0201635,0.00574378,0.53228,0.021605,0.0164096,0.0191214,0.0228355,0.153438
296,0.0974243,0.0470347,0.00365014,0.650327,0.0129175,0.0383618,0.0540315,0.00575487,0.0904981
297,0.109026,0.31993,0.0155371,0.297783,0.0885166,0.0419408,0.114929,0.00751417,0.00482473
298,0.165003,0.155601,0.00777849,0.201109,0.0617016,0.0756572,0.195609,0.00399149,0.133549
299,0.210796,0.0114586,0.0114494,0.541528,0.072274,0.0434845,0.105743,0.00152948,0.00173794
300,0.253456,0.0781984,0.00409277,0.403852,0.0179567,0.032013,0.153246,0.00302756,0.0541576
301,0.225554,0.0511209,0.00587989,0.374727,0.0147799,0.193445,0.130229,0.00189046,0.00237413
302,0.389578,0.0629695,0.00608067,0.294488,0.0278439,0.0112054,0.201672,0.00312371,0.00303799
303,0.192831,0.0570617,0.00473092,0.481579,0.0159018,0.0529021,0.0373993,0.0182898,0.139305
304,0.147191,0.135453,0.0497045,0.318923,0.0127975,0.0306921,0.195046,0.00518543,0.105008
305,0.255227,0.105603,0.0144514,0.41476,0.0218717,0.0405538,0.0453042,0.00319992,0.09903
306,0.107636,0.0606325,0.0120316,0.165474,0.0414815,0.0126119,0.593143,0.00405861,0.00293148
307,0.058573,0.0294481,0.0587396,0.494256,0.0217777,0.0112344,0.322299,0.00102832,0.00264403
308,0.591312,0.0150955,0.00574747,0.265686,0.0348688,0.0598135,0.0210087,0.00383969,0.00262886
309,0.0981788,0.330685,0.00259878,0.0321417,0.01091,0.0956557,0.325108,0.0190519,0.08567
310,0.121253,0.0501631,0.0131937,0.580215,0.0229563,0.020443,0.0774269,0.00206525,0.112284
311,0.0214986,0.0368419,0.00341198,0.0481715,0.00673097,0.013327,0.828452,0.00135281,0.0402136
312,0.0494944,0.409541,0.00722834,0.0826379,0.0421834,0.0248066,0.377394,0.00408694,0.00262727
313,0.180972,0.0668859,0.00800727,0.2711,0.00968678,0.00876856,0.413268,0.00413732,0.0371756
314,0.0491199,0.118822,0.00313918,0.785236,0.00915791,0.00400579,0.0205143,0.00151544,0.0084894
315,0.039628,0.0275582,0.008722,0.254413,0.0101847,0.011618,0.640278,0.00403963,0.0035584
316,0.203126,0.133395,0.00267737,0.338284,0.0182401,0.0144188,0.279206,0.00756206,0.00309154
317,0.0181042,0.262645,0.00520786,0.0312086,0.00666619,0.00813833,0.661073,0.00596931,0.000987085
318,0.363384,0.0606394,0.00433771,0.382148,0.0181694,0.0260786,0.139075,0.00241706,0.00375178
319,0.122368,0.200076,0.00713752,0.247928,0.0147472,0.024696,0.365096,0.0014588,0.0164924
320,0.168188,0.0394623,0.00437008,0.601323,0.0210412,0.0103664,0.150651,0.00221102,0.00238694
321,0.14806,0.215975,0.00730454,0.295311,0.0188235,0.0129891,0.289712,0.00556083,0.00626404
322,0.100347,0.0851888,0.0135835,0.585575,0.00735824,0.0162472,0.146545,0.00158302,0.0435721
323,0.221452,0.0597281,0.00592805,0.501248,0.0107789,0.0133051,0.163335,0.0193647,0.00485973
324,0.106959,0.149703,0.00696974,0.507306,0.0111368,0.0197595,0.104636,0.0147763,0.0787532
325,0.184283,0.13168,0.00833342,0.459876,0.00981406,0.0901171,0.0632316,0.00277165,0.0498938
326,0.0810709,0.521373,0.00335762,0.197619,0.0148331,0.023608,0.149726,0.00597688,0.00243512
327,0.104805,0.152932,0.0169122,0.150404,0.0876831,0.0187334,0.460058,0.00299559,0.00547694
328,0.23807,0.135207,0.0139477,0.314942,0.0445979,0.0461946,0.196151,0.00429112,0.00659866
329,0.77143,0.010106,0.00337912,0.190281,0.00614321,0.00736084,0.00632937,0.0020772,0.00289374
330,0.151861,0.083354,0.00451882,0.321771,0.00996004,0.0119779,0.411914,0.00258433,0.00205845
331,0.0613571,0.361386,0.0107826,0.0390323,0.00674495,0.00700647,0.476331,0.00456399,0.0327953
332,0.155031,0.0248102,0.0074601,0.671756,0.0272189,0.0134631,0.0941489,0.00378591,0.00232556
333,0.434319,0.0586579,0.0173889,0.179988,0.119529,0.0331309,0.135378,0.010417,0.011192
334,0.115217,0.148949,0.00737246,0.100484,0.123249,0.0529347,0.373767,0.00386305,0.0741621
335,0.144559,0.0623856,0.00441395,0.705198,0.00839882,0.0172667,0.0515152,0.00389525,0.00236816
336,0.163774,0.207048,0.0116656,0.245516,0.0153488,0.0131742,0.332658,0.0079305,0.00288445
337,0.0369276,0.163142,0.00875459,0.0272018,0.00729055,0.0211254,0.655157,0.00585659,0.0745445
338,0.18823,0.0642803,0.00498699,0.384539,0.055086,0.0696206,0.187628,0.00222283,0.0434063
339,0.123079,0.285777,0.00383463,0.0603677,0.0140822,0.0332519,0.471087,0.00720091,0.00131955
340,0.0546559,0.107178,0.00406857,0.137166,0.0119107,0.0636417,0.510145,0.00265822,0.108575
341,0.227783,0.226183,0.00713865,0.453722,0.0214996,0.018634,0.0345159,0.00448572,0.00603834
342,0.174962,0.0567848,0.00917934,0.226696,0.0298302,0.0153704,0.361952,0.0121547,0.11307
343,0.0725916,0.182641,0.00589375,0.30742,0.0137638,0.0123504,0.392833,0.00966194,0.0028446
344,0.0308661,0.84672,0.00162641,0.0269848,0.00406419,0.00916733,0.0746558,0.00383867,0.0020769
345,0.0713087,0.449253,0.00602336,0.124971,0.0302907,0.0300403,0.284127,0.001998,0.00198832
346,0.314753,0.0683971,0.0125935,0.42297,0.0142063,0.0183397,0.140318,0.00492391,0.00349964
347,0.0972318,0.353013,0.00502644,0.120043,0.100275,0.0439534,0.170098,0.00310993,0.107249
348,0.211218,0.208024,0.0128135,0.206596,0.0330784,0.0245468,0.297053,0.0037601,0.00290947
349,0.266105,0.0665891,0.0182206,0.211174,0.0512749,0.0240902,0.34901,0.00588917,0.00764711
350,0.117519,0.133152,0.00627924,0.0936572,0.019198,0.0339184,0.58816,0.00447695,0.00363981
351,0.366393,0.212003,0.00586519,0.254514,0.0493547,0.0251241,0.0373453,0.0433892,0.00601084
352,0.259743,0.0898998,0.00710931,0.308927,0.0550127,0.0128873,0.160387,0.00264611,0.103387
353,0.0142844,0.937191,0.00308946,0.02397,0.00834975,0.00313985,0.00873938,0.000858574,0.000377442
354,0.00826421,0.220224,0.00289349,0.00821588,0.00386159,0.027304,0.694592,0.00151691,0.033128
355,0.0805336,0.0966418,0.00192689,0.133601,0.00815743,0.00882546,0.663672,0.00421839,0.00242304
356,0.15273,0.149215,0.0034488,0.386252,0.0186284,0.0100069,0.2762,0.00140571,0.00211327
357,0.067193,0.162216,0.0114186,0.147432,0.0522901,0.0339324,0.519675,0.00275211,0.00309008
358,0.105369,0.0497836,0.00694409,0.14986,0.0145996,0.0192133,0.489017,0.00239337,0.16282
359,0.297981,0.0591012,0.0181841,0.28547,0.0691729,0.0303683,0.189338,0.00504833,0.0453364
360,0.0932294,0.102087,0.0123293,0.252116,0.0262686,0.027903,0.47353,0.00522053,0.0073171
361,0.133604,0.0822728,0.00288281,0.137587,0.0249869,0.0621008,0.437541,0.00364098,0.115383
362,0.219902,0.131287,0.00614727,0.179272,0.103241,0.0821619,0.164308,0.00300859,0.110674
363,0.0690728,0.10556,0.00211693,0.330973,0.00699586,0.0485969,0.3865,0.0028683,0.0473162
364,0.0987745,0.287497,0.0149542,0.249138,0.00946069,0.0203017,0.296514,0.00885467,0.014505
365,0.11404,0.544355,0.00310216,0.13903,0.0145406,0.0428032,0.132747,0.00669467,0.00268719
366,0.158632,0.242209,0.00254817,0.296347,0.0212886,0.015522,0.256495,0.00440462,0.00255346
367,0.0194785,0.0568603,0.00347551,0.00990866,0.013086,0.00524499,0.887266,0.00335779,0.00132246
368,0.34625,0.0476,0.04127,0.255146,0.0401753,0.0214297,0.241837,0.00339907,0.00289335
369,0.270574,0.125973,0.00813784,0.42078,0.0129881,0.0131098,0.0246461,0.00225852,0.121533
370,0.139442,0.0439027,0.0123828,0.199369,0.090411,0.0179388,0.481595,0.0100128,0.00494493
371,0.116413,0.193192,0.00887687,0.269845,0.210784,0.0238605,0.165718,0.00500911,0.00630146
372,0.199955,0.11448,0.00992702,0.312192,0.0389942,0.0353945,0.279485,0.00737588,0.00219565
373,0.0406108,0.313383,0.0063955,0.0583143,0.00645665,0.013335,0.552022,0.00375787,0.00572523
374,0.0383506,0.0544046,0.00302536,0.136272,0.0234341,0.0102364,0.66914,0.00334849,0.0617889
375,0.111897,0.372652,0.0127013,0.181906,0.0472786,0.0614891,0.205819,0.00352922,0.0027275
376,0.156463,0.0679929,0.00227271,0.589979,0.00432432,0.00498892,0.0672602,0.00365474,0.103064
377,0.105135,0.165091,0.00455705,0.162987,0.0169777,0.0146364,0.51922,0.00858054,0.00281558
378,0.254493,0.0126174,0.00390716,0.544295,0.0100762,0.0111084,0.0294006,0.0011898,0.132912
379,0.133912,0.0980798,0.00424806,0.127943,0.00665851,0.0402619,0.582494,0.00504597,0.00135635
380,0.128152,0.142059,0.0169602,0.105481,0.0168524,0.0369258,0.541963,0.00835185,0.00325465
381,0.900108,0.00404539,0.00081786,0.0199829,0.00225005,0.0426934,0.00268195,0.00206033,0.0253604
382,0.0470895,0.0594989,0.00949934,0.740021,0.00357724,0.0116803,0.0459249,0.00319632,0.0795126
383,0.0997557,0.348987,0.0367035,0.114698,0.0161396,0.0323603,0.339719,0.00547449,0.00616268
384,0.0243098,0.122573,0.003539,0.19771,0.00709179,0.0254744,0.613891,0.00376518,0.00164489
385,0.0759464,0.139645,0.00405629,0.322421,0.00787626,0.0127091,0.432326,0.00234865,0.00267034
386,0.218229,0.0947282,0.00652686,0.106106,0.0221682,0.039145,0.505665,0.00421556,0.00321649
387,0.200303,0.0887537,0.00260106,0.337811,0.0310777,0.0490538,0.257495,0.000979217,0.0319251
388,0.0883563,0.104178,0.0138302,0.290248,0.104316,0.0257926,0.368905,0.00217353,0.00220075
389,0.099801,0.289982,0.00987985,0.146711,0.0867061,0.0547222,0.248054,0.00269976,0.0614442
390,0.262037,0.197599,0.0151054,0.366037,0.0328226,0.0156521,0.103109,0.00451974,0.00311743
391,0.0755848,0.337897,0.0186721,0.106517,0.030993,0.0198387,0.396872,0.0117599,0.00186538
392,0.423595,0.0734793,0.00434052,0.184398,0.0171494,0.0803251,0.203811,0.0106866,0.00221505
393,0.243204,0.214943,0.00457632,0.176539,0.064179,0.0460452,0.131124,0.0153147,0.104076
394,0.163762,0.260448,0.00564168,0.434668,0.0238053,0.0107152,0.0944022,0.00375779,0.0028001
395,0.249741,0.209123,0.00331994,0.167201,0.0208766,0.016879,0.241954,0.00921992,0.0816862
396,0.0396478,0.872003,0.00185928,0.0355679,0.0031957,0.00865902,0.0373594,0.000901887,0.000805777
397,0.265196,0.209849,0.00621891,0.223529,0.0127976,0.012222,0.265478,0.00234791,0.00236115
398,0.121045,0.23702,0.00656099,0.166056,0.0417458,0.0397281,0.369539,0.0116987,0.00660701
399,0.017559,0.294705,0.0121557,0.0809117,0.0253112,0.0289781,0.524999,0.0124112,0.00296897
400,0.185036,0.0290441,0.0133118,0.624811,0.0201344,0.0536475,0.0648244,0.00222522,0.00696566
401,0.349863,0.0917644,0.00919186,0.382118,0.072844,0.015498,0.0723153,0.00380818,0.00259735
402,0.0931933,0.0374495,0.006733,0.347112,0.0549405,0.0821275,0.340535,0.00167906,0.0362297
403,0.0446573,0.384704,0.00153668,0.13508,0.033028,0.0274192,0.249424,0.00117186,0.122978
404,0.112037,0.0724877,0.00606699,0.717747,0.0179368,0.0118088,0.0582315,0.00205035,0.00163337
405,0.175953,0.339123,0.0139433,0.0460408,0.0298515,0.0362887,0.353788,0.00276462,0.0022469
406,0.48106,0.0307991,0.0113078,0.35404,0.0328121,0.0153333,0.0299972,0.0230807,0.0215707
407,0.405169,0.059796,0.00551964,0.369396,0.0266816,0.00895697,0.109446,0.00424424,0.0107908
408,0.0548977,0.291971,0.0167915,0.142496,0.0284265,0.0187182,0.421885,0.0213787,0.0034357
409,0.0915854,0.167004,0.039561,0.139445,0.0745022,0.0684002,0.406706,0.00322244,0.00957375
410,0.177801,0.28373,0.0287817,0.238595,0.0167062,0.152826,0.0948262,0.00338103,0.00335381
411,0.271937,0.155995,0.00710141,0.21874,0.0147588,0.0190288,0.306633,0.00382546,0.00197953
412,0.205415,0.113477,0.0311703,0.163,0.0367787,0.00557746,0.437983,0.00200627,0.00459166
413,0.178956,0.196818,0.0127176,0.363314,0.0894541,0.0561957,0.0862307,0.00776955,0.00854416
414,0.156174,0.244356,0.00349999,0.0800995,0.0709349,0.0308638,0.411236,0.00150232,0.00133323
415,0.163852,0.0919807,0.00658346,0.535424,0.102658,0.0550624,0.0313249,0.00805299,0.00506129
416,0.123163,0.0956048,0.00562534,0.296412,0.0313913,0.0501429,0.391349,0.00316876,0.00314377
417,0.269007,0.115077,0.0114508,0.438385,0.0493453,0.0138277,0.0915262,0.00656329,0.00481742
418,0.0583524,0.170734,0.0050862,0.320418,0.0130624,0.015016,0.41002,0.00401151,0.00329952
419,0.0140813,0.184343,0.00318085,0.0239337,0.0136086,0.0550272,0.697618,0.00354257,0.00466478
420,0.376208,0.0126389,0.00646266,0.269765,0.0371823,0.0149569,0.182392,0.00730707,0.0930873
421,0.176184,0.00987418,0.00181123,0.326826,0.0171988,0.00935109,0.344373,0.00136102,0.113022
422,0.196793,0.25713,0.00985149,0.161736,0.033761,0.062848,0.269341,0.00414138,0.00439868
423,0.060668,0.13673,0.00942562,0.0434786,0.0205658,0.0103264,0.673422,0.00183057,0.0435529
424,0.26498,0.126068,0.00277368,0.175739,0.0274905,0.0250262,0.365712,0.00670578,0.00550503
425,0.518807,0.0385009,0.00469643,0.286894,0.0228125,0.0304653,0.0892773,0.00581549,0.00273069
426,0.232484,0.0153603,0.09495,0.113887,0.0107055,0.0136246,0.47695,0.00194004,0.0400989
427,0.11443,0.336011,0.00231551,0.165566,0.0104143,0.0450932,0.321438,0.00236924,0.00236257
428,0.126066,0.0410653,0.00203571,0.762833,0.0133001,0.013552,0.0374396,0.00213912,0.00156999
429,0.278209,0.429969,0.0275208,0.097725,0.045027,0.016905,0.0967792,0.0039803,0.0038852
430,0.149516,0.144555,0.0128312,0.38512,0.047237,0.0146743,0.185535,0.00694901,0.0535834
